1089 2
0.000000 0.000000
0.000000 0.031250
0.000000 0.062500
0.000000 0.093750
0.000000 0.125000
0.000000 0.156250
0.000000 0.187500
0.000000 0.218750
0.000000 0.250000
0.000000 0.281250
0.000000 0.312500
0.000000 0.343750
0.000000 0.375000
0.000000 0.406250
0.000000 0.437500
0.000000 0.468750
0.000000 0.500000
0.000000 0.531250
0.000000 0.562500
0.000000 0.593750
0.000000 0.625000
0.000000 0.656250
0.000000 0.687500
0.000000 0.718750
0.000000 0.750000
0.000000 0.781250
0.000000 0.812500
0.000000 0.843750
0.000000 0.875000
0.000000 0.906250
0.000000 0.937500
0.000000 0.968750
0.000000 1.000000
0.031250 0.000000
0.031250 0.031250
0.031250 0.062500
0.031250 0.093750
0.031250 0.125000
0.031250 0.156250
0.031250 0.187500
0.031250 0.218750
0.031250 0.250000
0.031250 0.281250
0.031250 0.312500
0.031250 0.343750
0.031250 0.375000
0.031250 0.406250
0.031250 0.437500
0.031250 0.468750
0.031250 0.500000
0.031250 0.531250
0.031250 0.562500
0.031250 0.593750
0.031250 0.625000
0.031250 0.656250
0.031250 0.687500
0.031250 0.718750
0.031250 0.750000
0.031250 0.781250
0.031250 0.812500
0.031250 0.843750
0.031250 0.875000
0.031250 0.906250
0.031250 0.937500
0.031250 0.968750
0.031250 1.000000
0.062500 0.000000
0.062500 0.031250
0.062500 0.062500
0.062500 0.093750
0.062500 0.125000
0.062500 0.156250
0.062500 0.187500
0.062500 0.218750
0.062500 0.250000
0.062500 0.281250
0.062500 0.312500
0.062500 0.343750
0.062500 0.375000
0.062500 0.406250
0.062500 0.437500
0.062500 0.468750
0.062500 0.500000
0.062500 0.531250
0.062500 0.562500
0.062500 0.593750
0.062500 0.625000
0.062500 0.656250
0.062500 0.687500
0.062500 0.718750
0.062500 0.750000
0.062500 0.781250
0.062500 0.812500
0.062500 0.843750
0.062500 0.875000
0.062500 0.906250
0.062500 0.937500
0.062500 0.968750
0.062500 1.000000
0.093750 0.000000
0.093750 0.031250
0.093750 0.062500
0.093750 0.093750
0.093750 0.125000
0.093750 0.156250
0.093750 0.187500
0.093750 0.218750
0.093750 0.250000
0.093750 0.281250
0.093750 0.312500
0.093750 0.343750
0.093750 0.375000
0.093750 0.406250
0.093750 0.437500
0.093750 0.468750
0.093750 0.500000
0.093750 0.531250
0.093750 0.562500
0.093750 0.593750
0.093750 0.625000
0.093750 0.656250
0.093750 0.687500
0.093750 0.718750
0.093750 0.750000
0.093750 0.781250
0.093750 0.812500
0.093750 0.843750
0.093750 0.875000
0.093750 0.906250
0.093750 0.937500
0.093750 0.968750
0.093750 1.000000
0.125000 0.000000
0.125000 0.031250
0.125000 0.062500
0.125000 0.093750
0.125000 0.125000
0.125000 0.156250
0.125000 0.187500
0.125000 0.218750
0.125000 0.250000
0.125000 0.281250
0.125000 0.312500
0.125000 0.343750
0.125000 0.375000
0.125000 0.406250
0.125000 0.437500
0.125000 0.468750
0.125000 0.500000
0.125000 0.531250
0.125000 0.562500
0.125000 0.593750
0.125000 0.625000
0.125000 0.656250
0.125000 0.687500
0.125000 0.718750
0.125000 0.750000
0.125000 0.781250
0.125000 0.812500
0.125000 0.843750
0.125000 0.875000
0.125000 0.906250
0.125000 0.937500
0.125000 0.968750
0.125000 1.000000
0.156250 0.000000
0.156250 0.031250
0.156250 0.062500
0.156250 0.093750
0.156250 0.125000
0.156250 0.156250
0.156250 0.187500
0.156250 0.218750
0.156250 0.250000
0.156250 0.281250
0.156250 0.312500
0.156250 0.343750
0.156250 0.375000
0.156250 0.406250
0.156250 0.437500
0.156250 0.468750
0.156250 0.500000
0.156250 0.531250
0.156250 0.562500
0.156250 0.593750
0.156250 0.625000
0.156250 0.656250
0.156250 0.687500
0.156250 0.718750
0.156250 0.750000
0.156250 0.781250
0.156250 0.812500
0.156250 0.843750
0.156250 0.875000
0.156250 0.906250
0.156250 0.937500
0.156250 0.968750
0.156250 1.000000
0.187500 0.000000
0.187500 0.031250
0.187500 0.062500
0.187500 0.093750
0.187500 0.125000
0.187500 0.156250
0.187500 0.187500
0.187500 0.218750
0.187500 0.250000
0.187500 0.281250
0.187500 0.312500
0.187500 0.343750
0.187500 0.375000
0.187500 0.406250
0.187500 0.437500
0.187500 0.468750
0.187500 0.500000
0.187500 0.531250
0.187500 0.562500
0.187500 0.593750
0.187500 0.625000
0.187500 0.656250
0.187500 0.687500
0.187500 0.718750
0.187500 0.750000
0.187500 0.781250
0.187500 0.812500
0.187500 0.843750
0.187500 0.875000
0.187500 0.906250
0.187500 0.937500
0.187500 0.968750
0.187500 1.000000
0.218750 0.000000
0.218750 0.031250
0.218750 0.062500
0.218750 0.093750
0.218750 0.125000
0.218750 0.156250
0.218750 0.187500
0.218750 0.218750
0.218750 0.250000
0.218750 0.281250
0.218750 0.312500
0.218750 0.343750
0.218750 0.375000
0.218750 0.406250
0.218750 0.437500
0.218750 0.468750
0.218750 0.500000
0.218750 0.531250
0.218750 0.562500
0.218750 0.593750
0.218750 0.625000
0.218750 0.656250
0.218750 0.687500
0.218750 0.718750
0.218750 0.750000
0.218750 0.781250
0.218750 0.812500
0.218750 0.843750
0.218750 0.875000
0.218750 0.906250
0.218750 0.937500
0.218750 0.968750
0.218750 1.000000
0.250000 0.000000
0.250000 0.031250
0.250000 0.062500
0.250000 0.093750
0.250000 0.125000
0.250000 0.156250
0.250000 0.187500
0.250000 0.218750
0.250000 0.250000
0.250000 0.281250
0.250000 0.312500
0.250000 0.343750
0.250000 0.375000
0.250000 0.406250
0.250000 0.437500
0.250000 0.468750
0.250000 0.500000
0.250000 0.531250
0.250000 0.562500
0.250000 0.593750
0.250000 0.625000
0.250000 0.656250
0.250000 0.687500
0.250000 0.718750
0.250000 0.750000
0.250000 0.781250
0.250000 0.812500
0.250000 0.843750
0.250000 0.875000
0.250000 0.906250
0.250000 0.937500
0.250000 0.968750
0.250000 1.000000
0.281250 0.000000
0.281250 0.031250
0.281250 0.062500
0.281250 0.093750
0.281250 0.125000
0.281250 0.156250
0.281250 0.187500
0.281250 0.218750
0.281250 0.250000
0.281250 0.281250
0.281250 0.312500
0.281250 0.343750
0.281250 0.375000
0.281250 0.406250
0.281250 0.437500
0.281250 0.468750
0.281250 0.500000
0.281250 0.531250
0.281250 0.562500
0.281250 0.593750
0.281250 0.625000
0.281250 0.656250
0.281250 0.687500
0.281250 0.718750
0.281250 0.750000
0.281250 0.781250
0.281250 0.812500
0.281250 0.843750
0.281250 0.875000
0.281250 0.906250
0.281250 0.937500
0.281250 0.968750
0.281250 1.000000
0.312500 0.000000
0.312500 0.031250
0.312500 0.062500
0.312500 0.093750
0.312500 0.125000
0.312500 0.156250
0.312500 0.187500
0.312500 0.218750
0.312500 0.250000
0.312500 0.281250
0.312500 0.312500
0.312500 0.343750
0.312500 0.375000
0.312500 0.406250
0.312500 0.437500
0.312500 0.468750
0.312500 0.500000
0.312500 0.531250
0.312500 0.562500
0.312500 0.593750
0.312500 0.625000
0.312500 0.656250
0.312500 0.687500
0.312500 0.718750
0.312500 0.750000
0.312500 0.781250
0.312500 0.812500
0.312500 0.843750
0.312500 0.875000
0.312500 0.906250
0.312500 0.937500
0.312500 0.968750
0.312500 1.000000
0.343750 0.000000
0.343750 0.031250
0.343750 0.062500
0.343750 0.093750
0.343750 0.125000
0.343750 0.156250
0.343750 0.187500
0.343750 0.218750
0.343750 0.250000
0.343750 0.281250
0.343750 0.312500
0.343750 0.343750
0.343750 0.375000
0.343750 0.406250
0.343750 0.437500
0.343750 0.468750
0.343750 0.500000
0.343750 0.531250
0.343750 0.562500
0.343750 0.593750
0.343750 0.625000
0.343750 0.656250
0.343750 0.687500
0.343750 0.718750
0.343750 0.750000
0.343750 0.781250
0.343750 0.812500
0.343750 0.843750
0.343750 0.875000
0.343750 0.906250
0.343750 0.937500
0.343750 0.968750
0.343750 1.000000
0.375000 0.000000
0.375000 0.031250
0.375000 0.062500
0.375000 0.093750
0.375000 0.125000
0.375000 0.156250
0.375000 0.187500
0.375000 0.218750
0.375000 0.250000
0.375000 0.281250
0.375000 0.312500
0.375000 0.343750
0.375000 0.375000
0.375000 0.406250
0.375000 0.437500
0.375000 0.468750
0.375000 0.500000
0.375000 0.531250
0.375000 0.562500
0.375000 0.593750
0.375000 0.625000
0.375000 0.656250
0.375000 0.687500
0.375000 0.718750
0.375000 0.750000
0.375000 0.781250
0.375000 0.812500
0.375000 0.843750
0.375000 0.875000
0.375000 0.906250
0.375000 0.937500
0.375000 0.968750
0.375000 1.000000
0.406250 0.000000
0.406250 0.031250
0.406250 0.062500
0.406250 0.093750
0.406250 0.125000
0.406250 0.156250
0.406250 0.187500
0.406250 0.218750
0.406250 0.250000
0.406250 0.281250
0.406250 0.312500
0.406250 0.343750
0.406250 0.375000
0.406250 0.406250
0.406250 0.437500
0.406250 0.468750
0.406250 0.500000
0.406250 0.531250
0.406250 0.562500
0.406250 0.593750
0.406250 0.625000
0.406250 0.656250
0.406250 0.687500
0.406250 0.718750
0.406250 0.750000
0.406250 0.781250
0.406250 0.812500
0.406250 0.843750
0.406250 0.875000
0.406250 0.906250
0.406250 0.937500
0.406250 0.968750
0.406250 1.000000
0.437500 0.000000
0.437500 0.031250
0.437500 0.062500
0.437500 0.093750
0.437500 0.125000
0.437500 0.156250
0.437500 0.187500
0.437500 0.218750
0.437500 0.250000
0.437500 0.281250
0.437500 0.312500
0.437500 0.343750
0.437500 0.375000
0.437500 0.406250
0.437500 0.437500
0.437500 0.468750
0.437500 0.500000
0.437500 0.531250
0.437500 0.562500
0.437500 0.593750
0.437500 0.625000
0.437500 0.656250
0.437500 0.687500
0.437500 0.718750
0.437500 0.750000
0.437500 0.781250
0.437500 0.812500
0.437500 0.843750
0.437500 0.875000
0.437500 0.906250
0.437500 0.937500
0.437500 0.968750
0.437500 1.000000
0.468750 0.000000
0.468750 0.031250
0.468750 0.062500
0.468750 0.093750
0.468750 0.125000
0.468750 0.156250
0.468750 0.187500
0.468750 0.218750
0.468750 0.250000
0.468750 0.281250
0.468750 0.312500
0.468750 0.343750
0.468750 0.375000
0.468750 0.406250
0.468750 0.437500
0.468750 0.468750
0.468750 0.500000
0.468750 0.531250
0.468750 0.562500
0.468750 0.593750
0.468750 0.625000
0.468750 0.656250
0.468750 0.687500
0.468750 0.718750
0.468750 0.750000
0.468750 0.781250
0.468750 0.812500
0.468750 0.843750
0.468750 0.875000
0.468750 0.906250
0.468750 0.937500
0.468750 0.968750
0.468750 1.000000
0.500000 0.000000
0.500000 0.031250
0.500000 0.062500
0.500000 0.093750
0.500000 0.125000
0.500000 0.156250
0.500000 0.187500
0.500000 0.218750
0.500000 0.250000
0.500000 0.281250
0.500000 0.312500
0.500000 0.343750
0.500000 0.375000
0.500000 0.406250
0.500000 0.437500
0.500000 0.468750
0.500000 0.500000
0.500000 0.531250
0.500000 0.562500
0.500000 0.593750
0.500000 0.625000
0.500000 0.656250
0.500000 0.687500
0.500000 0.718750
0.500000 0.750000
0.500000 0.781250
0.500000 0.812500
0.500000 0.843750
0.500000 0.875000
0.500000 0.906250
0.500000 0.937500
0.500000 0.968750
0.500000 1.000000
0.531250 0.000000
0.531250 0.031250
0.531250 0.062500
0.531250 0.093750
0.531250 0.125000
0.531250 0.156250
0.531250 0.187500
0.531250 0.218750
0.531250 0.250000
0.531250 0.281250
0.531250 0.312500
0.531250 0.343750
0.531250 0.375000
0.531250 0.406250
0.531250 0.437500
0.531250 0.468750
0.531250 0.500000
0.531250 0.531250
0.531250 0.562500
0.531250 0.593750
0.531250 0.625000
0.531250 0.656250
0.531250 0.687500
0.531250 0.718750
0.531250 0.750000
0.531250 0.781250
0.531250 0.812500
0.531250 0.843750
0.531250 0.875000
0.531250 0.906250
0.531250 0.937500
0.531250 0.968750
0.531250 1.000000
0.562500 0.000000
0.562500 0.031250
0.562500 0.062500
0.562500 0.093750
0.562500 0.125000
0.562500 0.156250
0.562500 0.187500
0.562500 0.218750
0.562500 0.250000
0.562500 0.281250
0.562500 0.312500
0.562500 0.343750
0.562500 0.375000
0.562500 0.406250
0.562500 0.437500
0.562500 0.468750
0.562500 0.500000
0.562500 0.531250
0.562500 0.562500
0.562500 0.593750
0.562500 0.625000
0.562500 0.656250
0.562500 0.687500
0.562500 0.718750
0.562500 0.750000
0.562500 0.781250
0.562500 0.812500
0.562500 0.843750
0.562500 0.875000
0.562500 0.906250
0.562500 0.937500
0.562500 0.968750
0.562500 1.000000
0.593750 0.000000
0.593750 0.031250
0.593750 0.062500
0.593750 0.093750
0.593750 0.125000
0.593750 0.156250
0.593750 0.187500
0.593750 0.218750
0.593750 0.250000
0.593750 0.281250
0.593750 0.312500
0.593750 0.343750
0.593750 0.375000
0.593750 0.406250
0.593750 0.437500
0.593750 0.468750
0.593750 0.500000
0.593750 0.531250
0.593750 0.562500
0.593750 0.593750
0.593750 0.625000
0.593750 0.656250
0.593750 0.687500
0.593750 0.718750
0.593750 0.750000
0.593750 0.781250
0.593750 0.812500
0.593750 0.843750
0.593750 0.875000
0.593750 0.906250
0.593750 0.937500
0.593750 0.968750
0.593750 1.000000
0.625000 0.000000
0.625000 0.031250
0.625000 0.062500
0.625000 0.093750
0.625000 0.125000
0.625000 0.156250
0.625000 0.187500
0.625000 0.218750
0.625000 0.250000
0.625000 0.281250
0.625000 0.312500
0.625000 0.343750
0.625000 0.375000
0.625000 0.406250
0.625000 0.437500
0.625000 0.468750
0.625000 0.500000
0.625000 0.531250
0.625000 0.562500
0.625000 0.593750
0.625000 0.625000
0.625000 0.656250
0.625000 0.687500
0.625000 0.718750
0.625000 0.750000
0.625000 0.781250
0.625000 0.812500
0.625000 0.843750
0.625000 0.875000
0.625000 0.906250
0.625000 0.937500
0.625000 0.968750
0.625000 1.000000
0.656250 0.000000
0.656250 0.031250
0.656250 0.062500
0.656250 0.093750
0.656250 0.125000
0.656250 0.156250
0.656250 0.187500
0.656250 0.218750
0.656250 0.250000
0.656250 0.281250
0.656250 0.312500
0.656250 0.343750
0.656250 0.375000
0.656250 0.406250
0.656250 0.437500
0.656250 0.468750
0.656250 0.500000
0.656250 0.531250
0.656250 0.562500
0.656250 0.593750
0.656250 0.625000
0.656250 0.656250
0.656250 0.687500
0.656250 0.718750
0.656250 0.750000
0.656250 0.781250
0.656250 0.812500
0.656250 0.843750
0.656250 0.875000
0.656250 0.906250
0.656250 0.937500
0.656250 0.968750
0.656250 1.000000
0.687500 0.000000
0.687500 0.031250
0.687500 0.062500
0.687500 0.093750
0.687500 0.125000
0.687500 0.156250
0.687500 0.187500
0.687500 0.218750
0.687500 0.250000
0.687500 0.281250
0.687500 0.312500
0.687500 0.343750
0.687500 0.375000
0.687500 0.406250
0.687500 0.437500
0.687500 0.468750
0.687500 0.500000
0.687500 0.531250
0.687500 0.562500
0.687500 0.593750
0.687500 0.625000
0.687500 0.656250
0.687500 0.687500
0.687500 0.718750
0.687500 0.750000
0.687500 0.781250
0.687500 0.812500
0.687500 0.843750
0.687500 0.875000
0.687500 0.906250
0.687500 0.937500
0.687500 0.968750
0.687500 1.000000
0.718750 0.000000
0.718750 0.031250
0.718750 0.062500
0.718750 0.093750
0.718750 0.125000
0.718750 0.156250
0.718750 0.187500
0.718750 0.218750
0.718750 0.250000
0.718750 0.281250
0.718750 0.312500
0.718750 0.343750
0.718750 0.375000
0.718750 0.406250
0.718750 0.437500
0.718750 0.468750
0.718750 0.500000
0.718750 0.531250
0.718750 0.562500
0.718750 0.593750
0.718750 0.625000
0.718750 0.656250
0.718750 0.687500
0.718750 0.718750
0.718750 0.750000
0.718750 0.781250
0.718750 0.812500
0.718750 0.843750
0.718750 0.875000
0.718750 0.906250
0.718750 0.937500
0.718750 0.968750
0.718750 1.000000
0.750000 0.000000
0.750000 0.031250
0.750000 0.062500
0.750000 0.093750
0.750000 0.125000
0.750000 0.156250
0.750000 0.187500
0.750000 0.218750
0.750000 0.250000
0.750000 0.281250
0.750000 0.312500
0.750000 0.343750
0.750000 0.375000
0.750000 0.406250
0.750000 0.437500
0.750000 0.468750
0.750000 0.500000
0.750000 0.531250
0.750000 0.562500
0.750000 0.593750
0.750000 0.625000
0.750000 0.656250
0.750000 0.687500
0.750000 0.718750
0.750000 0.750000
0.750000 0.781250
0.750000 0.812500
0.750000 0.843750
0.750000 0.875000
0.750000 0.906250
0.750000 0.937500
0.750000 0.968750
0.750000 1.000000
0.781250 0.000000
0.781250 0.031250
0.781250 0.062500
0.781250 0.093750
0.781250 0.125000
0.781250 0.156250
0.781250 0.187500
0.781250 0.218750
0.781250 0.250000
0.781250 0.281250
0.781250 0.312500
0.781250 0.343750
0.781250 0.375000
0.781250 0.406250
0.781250 0.437500
0.781250 0.468750
0.781250 0.500000
0.781250 0.531250
0.781250 0.562500
0.781250 0.593750
0.781250 0.625000
0.781250 0.656250
0.781250 0.687500
0.781250 0.718750
0.781250 0.750000
0.781250 0.781250
0.781250 0.812500
0.781250 0.843750
0.781250 0.875000
0.781250 0.906250
0.781250 0.937500
0.781250 0.968750
0.781250 1.000000
0.812500 0.000000
0.812500 0.031250
0.812500 0.062500
0.812500 0.093750
0.812500 0.125000
0.812500 0.156250
0.812500 0.187500
0.812500 0.218750
0.812500 0.250000
0.812500 0.281250
0.812500 0.312500
0.812500 0.343750
0.812500 0.375000
0.812500 0.406250
0.812500 0.437500
0.812500 0.468750
0.812500 0.500000
0.812500 0.531250
0.812500 0.562500
0.812500 0.593750
0.812500 0.625000
0.812500 0.656250
0.812500 0.687500
0.812500 0.718750
0.812500 0.750000
0.812500 0.781250
0.812500 0.812500
0.812500 0.843750
0.812500 0.875000
0.812500 0.906250
0.812500 0.937500
0.812500 0.968750
0.812500 1.000000
0.843750 0.000000
0.843750 0.031250
0.843750 0.062500
0.843750 0.093750
0.843750 0.125000
0.843750 0.156250
0.843750 0.187500
0.843750 0.218750
0.843750 0.250000
0.843750 0.281250
0.843750 0.312500
0.843750 0.343750
0.843750 0.375000
0.843750 0.406250
0.843750 0.437500
0.843750 0.468750
0.843750 0.500000
0.843750 0.531250
0.843750 0.562500
0.843750 0.593750
0.843750 0.625000
0.843750 0.656250
0.843750 0.687500
0.843750 0.718750
0.843750 0.750000
0.843750 0.781250
0.843750 0.812500
0.843750 0.843750
0.843750 0.875000
0.843750 0.906250
0.843750 0.937500
0.843750 0.968750
0.843750 1.000000
0.875000 0.000000
0.875000 0.031250
0.875000 0.062500
0.875000 0.093750
0.875000 0.125000
0.875000 0.156250
0.875000 0.187500
0.875000 0.218750
0.875000 0.250000
0.875000 0.281250
0.875000 0.312500
0.875000 0.343750
0.875000 0.375000
0.875000 0.406250
0.875000 0.437500
0.875000 0.468750
0.875000 0.500000
0.875000 0.531250
0.875000 0.562500
0.875000 0.593750
0.875000 0.625000
0.875000 0.656250
0.875000 0.687500
0.875000 0.718750
0.875000 0.750000
0.875000 0.781250
0.875000 0.812500
0.875000 0.843750
0.875000 0.875000
0.875000 0.906250
0.875000 0.937500
0.875000 0.968750
0.875000 1.000000
0.906250 0.000000
0.906250 0.031250
0.906250 0.062500
0.906250 0.093750
0.906250 0.125000
0.906250 0.156250
0.906250 0.187500
0.906250 0.218750
0.906250 0.250000
0.906250 0.281250
0.906250 0.312500
0.906250 0.343750
0.906250 0.375000
0.906250 0.406250
0.906250 0.437500
0.906250 0.468750
0.906250 0.500000
0.906250 0.531250
0.906250 0.562500
0.906250 0.593750
0.906250 0.625000
0.906250 0.656250
0.906250 0.687500
0.906250 0.718750
0.906250 0.750000
0.906250 0.781250
0.906250 0.812500
0.906250 0.843750
0.906250 0.875000
0.906250 0.906250
0.906250 0.937500
0.906250 0.968750
0.906250 1.000000
0.937500 0.000000
0.937500 0.031250
0.937500 0.062500
0.937500 0.093750
0.937500 0.125000
0.937500 0.156250
0.937500 0.187500
0.937500 0.218750
0.937500 0.250000
0.937500 0.281250
0.937500 0.312500
0.937500 0.343750
0.937500 0.375000
0.937500 0.406250
0.937500 0.437500
0.937500 0.468750
0.937500 0.500000
0.937500 0.531250
0.937500 0.562500
0.937500 0.593750
0.937500 0.625000
0.937500 0.656250
0.937500 0.687500
0.937500 0.718750
0.937500 0.750000
0.937500 0.781250
0.937500 0.812500
0.937500 0.843750
0.937500 0.875000
0.937500 0.906250
0.937500 0.937500
0.937500 0.968750
0.937500 1.000000
0.968750 0.000000
0.968750 0.031250
0.968750 0.062500
0.968750 0.093750
0.968750 0.125000
0.968750 0.156250
0.968750 0.187500
0.968750 0.218750
0.968750 0.250000
0.968750 0.281250
0.968750 0.312500
0.968750 0.343750
0.968750 0.375000
0.968750 0.406250
0.968750 0.437500
0.968750 0.468750
0.968750 0.500000
0.968750 0.531250
0.968750 0.562500
0.968750 0.593750
0.968750 0.625000
0.968750 0.656250
0.968750 0.687500
0.968750 0.718750
0.968750 0.750000
0.968750 0.781250
0.968750 0.812500
0.968750 0.843750
0.968750 0.875000
0.968750 0.906250
0.968750 0.937500
0.968750 0.968750
0.968750 1.000000
1.000000 0.000000
1.000000 0.031250
1.000000 0.062500
1.000000 0.093750
1.000000 0.125000
1.000000 0.156250
1.000000 0.187500
1.000000 0.218750
1.000000 0.250000
1.000000 0.281250
1.000000 0.312500
1.000000 0.343750
1.000000 0.375000
1.000000 0.406250
1.000000 0.437500
1.000000 0.468750
1.000000 0.500000
1.000000 0.531250
1.000000 0.562500
1.000000 0.593750
1.000000 0.625000
1.000000 0.656250
1.000000 0.687500
1.000000 0.718750
1.000000 0.750000
1.000000 0.781250
1.000000 0.812500
1.000000 0.843750
1.000000 0.875000
1.000000 0.906250
1.000000 0.937500
1.000000 0.968750
1.000000 1.000000
2048 3
1 34 2
2 34 35
1058 1024 1057
1025 1024 1058
35 34 68
68 34 67
67 100 68
68 100 101
101 100 134
134 100 133
133 166 134
134 166 167
167 166 200
200 166 199
199 232 200
200 232 233
233 232 266
266 232 265
265 298 266
266 298 299
992 1024 1025
991 1024 992
992 958 991
959 958 992
926 958 959
925 958 926
926 892 925
893 892 926
860 892 893
859 892 860
860 826 859
827 826 860
794 826 827
793 826 794
794 760 793
761 760 794
299 298 332
332 298 331
331 364 332
332 364 365
365 364 398
398 364 397
397 430 398
398 430 431
728 760 761
727 760 728
728 694 727
695 694 728
662 694 695
661 694 662
662 628 661
629 628 662
431 430 464
464 430 463
463 496 464
464 496 497
596 628 629
595 628 596
596 562 595
563 562 596
497 496 530
530 496 529
530 562 563
529 562 530
33 32 66
66 32 65
497 530 498
498 530 531
498 464 497
465 464 498
432 464 465
431 464 432
432 398 431
399 398 432
465 498 466
466 498 499
466 432 465
433 432 466
400 432 433
399 432 400
366 398 399
365 398 366
366 332 365
333 332 366
399 400 366
366 400 367
300 332 333
299 332 300
300 266 299
267 266 300
334 366 367
333 366 334
334 300 333
301 300 334
434 400 433
401 400 434
433 466 434
434 466 467
368 334 367
335 334 368
368 400 401
367 400 368
401 434 402
402 434 435
402 368 401
369 368 402
336 368 369
335 368 336
302 334 335
301 334 302
335 336 302
302 336 303
301 302 268
268 302 269
268 300 301
267 300 268
234 266 267
233 266 234
234 200 233
201 200 234
267 268 234
234 268 235
168 200 201
167 200 168
168 134 167
135 134 168
202 234 235
201 234 202
202 168 201
169 168 202
269 302 270
270 302 303
236 202 235
203 202 236
235 268 236
236 268 269
269 270 236
236 270 237
136 168 169
135 168 136
102 134 135
101 134 102
102 68 101
69 68 102
135 136 102
102 136 103
36 68 69
35 68 36
36 2 35
3 2 36
36 4 3
37 4 36
70 102 103
69 102 70
37 36 70
70 36 69
37 70 38
38 70 71
38 4 37
5 4 38
38 6 5
39 6 38
204 236 237
203 236 204
170 136 169
137 136 170
170 202 203
169 202 170
203 204 170
170 204 171
39 38 72
72 38 71
71 70 104
104 70 103
104 136 137
103 136 104
104 72 71
105 72 104
138 170 171
137 170 138
105 104 138
138 104 137
105 138 106
106 138 139
106 72 105
73 72 106
40 72 73
39 72 40
40 6 39
7 6 40
40 8 7
41 8 40
73 106 74
74 106 107
41 40 74
74 40 73
41 74 42
42 74 75
42 8 41
9 8 42
42 10 9
43 10 42
304 270 303
271 270 304
303 336 304
304 336 337
337 336 370
370 336 369
369 402 370
370 402 403
338 304 337
305 304 338
337 370 338
338 370 371
43 42 76
76 42 75
75 74 108
108 74 107
108 76 75
109 76 108
140 108 107
141 108 140
107 106 140
140 106 139
139 138 172
172 138 171
171 204 172
172 204 205
172 140 139
173 140 172
272 304 305
271 304 272
205 204 238
238 204 237
238 270 271
237 270 238
271 272 238
238 272 239
173 172 206
206 172 205
206 238 239
205 238 206
142 108 141
109 108 142
173 206 174
174 206 207
174 140 173
141 140 174
174 142 141
175 142 174
306 272 305
273 272 306
305 338 306
306 338 339
175 174 208
208 174 207
207 206 240
240 206 239
240 272 273
239 272 240
240 208 207
241 208 240
273 306 274
274 306 307
241 240 274
274 240 273
65 32 64
64 32 31
31 30 64
64 30 63
63 30 62
62 30 29
29 28 62
62 28 61
61 28 60
60 28 27
27 26 60
60 26 59
59 26 58
58 26 25
25 24 58
58 24 57
241 274 242
242 274 275
242 208 241
209 208 242
176 208 209
175 208 176
176 142 175
143 142 176
209 242 210
210 242 243
210 176 209
177 176 210
144 176 177
143 176 144
110 142 143
109 142 110
110 76 109
77 76 110
143 144 110
110 144 111
44 76 77
43 76 44
44 10 43
11 10 44
44 12 11
45 12 44
78 110 111
77 110 78
45 44 78
78 44 77
45 78 46
46 78 79
46 12 45
13 12 46
46 14 13
47 14 46
178 144 177
145 144 178
177 210 178
178 210 211
47 46 80
80 46 79
79 78 112
112 78 111
112 144 145
111 144 112
112 80 79
113 80 112
145 178 146
146 178 179
113 112 146
146 112 145
57 24 56
56 24 23
23 22 56
56 22 55
55 22 54
54 22 21
21 20 54
54 20 53
113 146 114
114 146 147
114 80 113
81 80 114
48 80 81
47 80 48
48 14 47
15 14 48
48 16 15
49 16 48
81 114 82
82 114 115
49 48 82
82 48 81
53 20 52
52 20 19
19 18 52
52 18 51
49 82 50
50 82 83
50 16 49
17 16 50
51 18 50
50 18 17
1056 1088 1089
1055 1088 1056
307 306 340
340 306 339
339 338 372
372 338 371
372 340 339
373 340 372
404 372 371
405 372 404
371 370 404
404 370 403
403 402 436
436 402 435
436 404 403
437 404 436
406 372 405
373 372 406
438 404 437
405 404 438
438 406 405
439 406 438
470 438 437
471 438 470
437 436 470
470 436 469
469 436 468
468 436 435
435 434 468
468 434 467
467 466 500
500 466 499
500 468 467
501 468 500
502 470 469
503 470 502
502 468 501
469 468 502
532 500 499
533 500 532
499 498 532
532 498 531
531 530 564
564 530 563
563 596 564
564 596 597
564 532 531
565 532 564
597 596 630
630 596 629
629 662 630
630 662 663
565 564 598
598 564 597
597 630 598
598 630 631
534 502 501
535 502 534
534 500 533
501 500 534
565 598 566
566 598 599
566 532 565
533 532 566
566 534 533
567 534 566
631 630 664
664 630 663
663 662 696
696 662 695
695 728 696
696 728 729
696 664 663
697 664 696
729 728 762
762 728 761
761 794 762
762 794 795
697 696 730
730 696 729
729 762 730
730 762 763
567 566 600
600 566 599
631 664 632
632 664 665
599 598 632
632 598 631
632 600 599
633 600 632
697 730 698
698 730 731
665 664 698
698 664 697
633 632 666
666 632 665
665 698 666
666 698 699
504 470 503
471 470 504
472 438 471
439 438 472
471 504 472
472 504 505
633 666 634
634 666 667
634 600 633
601 600 634
568 600 601
567 600 568
568 534 567
535 534 568
536 504 503
537 504 536
536 502 535
503 502 536
535 568 536
536 568 569
601 634 602
602 634 635
569 568 602
602 568 601
538 504 537
505 504 538
569 602 570
570 602 603
570 536 569
537 536 570
570 538 537
571 538 570
699 698 732
732 698 731
731 730 764
764 730 763
764 732 731
765 732 764
796 764 763
797 764 796
763 762 796
796 762 795
795 794 828
828 794 827
827 860 828
828 860 861
828 796 795
829 796 828
861 860 894
894 860 893
893 926 894
894 926 927
829 828 862
862 828 861
861 894 862
862 894 895
798 764 797
765 764 798
829 862 830
830 862 863
830 796 829
797 796 830
830 798 797
831 798 830
895 894 928
928 894 927
927 926 960
960 926 959
959 992 960
960 992 993
960 928 927
961 928 960
993 992 1026
1026 992 1025
1025 1058 1026
1026 1058 1059
1059 1060 1026
1026 1060 1027
961 960 994
994 960 993
994 1026 1027
993 1026 994
1028 994 1027
995 994 1028
1027 1060 1028
1028 1060 1061
1061 1062 1028
1028 1062 1029
831 830 864
864 830 863
895 928 896
896 928 929
863 862 896
896 862 895
896 864 863
897 864 896
996 1028 1029
995 1028 996
962 994 995
961 994 962
929 928 962
962 928 961
995 996 962
962 996 963
897 896 930
930 896 929
930 962 963
929 962 930
964 930 963
931 930 964
963 996 964
964 996 997
997 996 1030
1030 996 1029
1029 1062 1030
1030 1062 1063
1063 1064 1030
1030 1064 1031
998 964 997
965 964 998
998 1030 1031
997 1030 998
1032 998 1031
999 998 1032
1031 1064 1032
1032 1064 1065
1065 1066 1032
1032 1066 1033
571 570 604
604 570 603
603 602 636
636 602 635
636 604 603
637 604 636
765 798 766
766 798 799
766 732 765
733 732 766
668 636 635
669 636 668
635 634 668
668 634 667
700 732 733
699 732 700
667 666 700
700 666 699
700 668 667
701 668 700
733 766 734
734 766 767
701 700 734
734 700 733
670 636 669
637 636 670
701 734 702
702 734 735
702 668 701
669 668 702
702 670 669
703 670 702
1000 1032 1033
999 1032 1000
966 998 999
965 998 966
999 1000 966
966 1000 967
965 966 932
932 966 933
932 964 965
931 964 932
898 930 931
897 930 898
898 864 897
865 864 898
931 932 898
898 932 899
767 766 800
800 766 799
832 864 865
831 864 832
799 798 832
832 798 831
832 800 799
833 800 832
866 898 899
865 898 866
833 832 866
866 832 865
933 966 934
934 966 967
900 866 899
867 866 900
899 932 900
900 932 933
933 934 900
900 934 901
703 702 736
736 702 735
767 800 768
768 800 801
735 734 768
768 734 767
768 736 735
769 736 768
868 900 901
867 900 868
834 866 867
833 866 834
801 800 834
834 800 833
867 868 834
834 868 835
769 768 802
802 768 801
802 834 835
801 834 802
1054 1088 1055
1087 1088 1054
1054 1086 1087
1053 1086 1054
1052 1086 1053
1085 1086 1052
1052 1084 1085
1051 1084 1052
1050 1084 1051
1083 1084 1050
1050 1082 1083
1049 1082 1050
1048 1082 1049
1081 1082 1048
1048 1080 1081
1047 1080 1048
836 802 835
803 802 836
835 868 836
836 868 869
869 868 902
902 868 901
901 934 902
902 934 935
870 836 869
837 836 870
869 902 870
870 902 903
903 902 936
936 902 935
935 934 968
968 934 967
967 1000 968
968 1000 1001
968 936 935
969 936 968
1001 1000 1034
1034 1000 1033
1033 1066 1034
1034 1066 1067
1067 1068 1034
1034 1068 1035
969 968 1002
1002 968 1001
1002 1034 1035
1001 1034 1002
1036 1002 1035
1003 1002 1036
1035 1068 1036
1036 1068 1069
1069 1070 1036
1036 1070 1037
903 936 904
904 936 937
904 870 903
871 870 904
1004 1036 1037
1003 1036 1004
970 1002 1003
969 1002 970
937 936 970
970 936 969
1003 1004 970
970 1004 971
938 904 937
905 904 938
938 970 971
937 970 938
1046 1080 1047
1079 1080 1046
1046 1078 1079
1045 1078 1046
1044 1078 1045
1077 1078 1044
1044 1076 1077
1043 1076 1044
972 938 971
939 938 972
971 1004 972
972 1004 1005
1005 1004 1038
1038 1004 1037
1037 1070 1038
1038 1070 1071
1071 1072 1038
1038 1072 1039
1006 972 1005
973 972 1006
1006 1038 1039
1005 1038 1006
1042 1076 1043
1075 1076 1042
1042 1074 1075
1041 1074 1042
1040 1006 1039
1007 1006 1040
1039 1072 1040
1040 1072 1073
1040 1074 1041
1073 1074 1040
51 50 84
84 50 83
84 52 51
85 52 84
83 82 116
116 82 115
116 84 83
117 84 116
86 52 85
53 52 86
86 54 53
87 54 86
118 84 117
85 84 118
118 86 85
119 86 118
148 116 115
149 116 148
115 114 148
148 114 147
147 146 180
180 146 179
180 148 147
181 148 180
150 118 117
151 118 150
150 116 149
117 116 150
182 148 181
149 148 182
182 150 149
183 150 182
120 86 119
87 86 120
88 54 87
55 54 88
88 56 55
89 56 88
87 120 88
88 120 121
90 56 89
57 56 90
90 58 57
91 58 90
122 88 121
89 88 122
122 90 89
123 90 122
184 150 183
151 150 184
152 120 119
153 120 152
152 118 151
119 118 152
151 184 152
152 184 185
154 122 121
155 122 154
154 120 153
121 120 154
186 152 185
153 152 186
186 154 153
187 154 186
505 538 506
506 538 539
506 472 505
473 472 506
440 472 473
439 472 440
440 406 439
407 406 440
473 506 474
474 506 507
474 440 473
441 440 474
214 182 181
215 182 214
181 180 214
214 180 213
213 180 212
212 180 179
179 178 212
212 178 211
211 210 244
244 210 243
244 212 211
245 212 244
246 214 213
247 214 246
246 212 245
213 212 246
408 440 441
407 440 408
374 406 407
373 406 374
374 340 373
341 340 374
407 408 374
374 408 375
276 244 243
277 244 276
243 242 276
276 242 275
308 340 341
307 340 308
275 274 308
308 274 307
308 276 275
309 276 308
342 374 375
341 374 342
309 308 342
342 308 341
278 246 245
279 246 278
278 244 277
245 244 278
309 342 310
310 342 343
310 276 309
277 276 310
310 278 277
311 278 310
442 408 441
409 408 442
441 474 442
442 474 475
311 310 344
344 310 343
343 342 376
376 342 375
376 408 409
375 408 376
376 344 343
377 344 376
409 442 410
410 442 443
377 376 410
410 376 409
218 186 185
219 186 218
185 184 218
218 184 217
248 214 247
215 214 248
217 184 216
216 184 183
216 182 215
183 182 216
215 248 216
216 248 249
250 218 217
251 218 250
250 216 249
217 216 250
377 410 378
378 410 411
378 344 377
345 344 378
312 344 345
311 344 312
312 278 311
279 278 312
280 248 247
281 248 280
280 246 279
247 246 280
279 312 280
280 312 313
345 378 346
346 378 379
313 312 346
346 312 345
282 250 249
283 250 282
282 248 281
249 248 282
313 346 314
314 346 347
314 280 313
281 280 314
314 282 281
315 282 314
1008 1040 1041
1007 1040 1008
1041 1042 1008
1008 1042 1009
974 1006 1007
973 1006 974
1007 1008 974
974 1008 975
1009 1042 1010
1010 1042 1043
1043 1044 1010
1010 1044 1011
975 1008 976
976 1008 1009
1009 1010 976
976 1010 977
973 974 940
940 974 941
940 972 973
939 972 940
906 938 939
905 938 906
939 940 906
906 940 907
975 976 942
942 976 943
941 974 942
942 974 975
907 940 908
908 940 941
941 942 908
908 942 909
977 1010 978
978 1010 1011
1011 1044 1012
1012 1044 1045
1045 1046 1012
1012 1046 1013
1012 978 1011
979 978 1012
1013 1046 1014
1014 1046 1047
1047 1048 1014
1014 1048 1015
979 1012 980
980 1012 1013
1013 1014 980
980 1014 981
909 942 910
910 942 943
977 978 944
944 978 945
943 976 944
944 976 977
944 910 943
911 910 944
979 980 946
946 980 947
945 978 946
946 978 979
911 944 912
912 944 945
945 946 912
912 946 913
907 908 874
874 908 875
874 906 907
873 906 874
872 906 873
905 906 872
872 904 905
871 904 872
838 870 871
837 870 838
871 872 838
838 872 839
873 874 840
840 874 841
839 872 840
840 872 873
837 838 804
804 838 805
804 836 837
803 836 804
770 802 803
769 802 770
770 736 769
737 736 770
803 804 770
770 804 771
704 736 737
703 736 704
704 670 703
671 670 704
738 770 771
737 770 738
738 704 737
705 704 738
839 840 806
806 840 807
805 838 806
806 838 839
772 738 771
739 738 772
771 804 772
772 804 805
805 806 772
772 806 773
443 442 476
476 442 475
475 474 508
508 474 507
508 476 475
509 476 508
672 704 705
671 704 672
638 670 671
637 670 638
638 604 637
605 604 638
671 672 638
638 672 639
540 508 507
541 508 540
507 506 540
540 506 539
572 604 605
571 604 572
539 538 572
572 538 571
572 540 539
573 540 572
606 638 639
605 638 606
573 572 606
606 572 605
542 508 541
509 508 542
573 606 574
574 606 607
574 540 573
541 540 574
574 542 541
575 542 574
740 772 773
739 772 740
706 672 705
673 672 706
706 738 739
705 738 706
739 740 706
706 740 707
575 574 608
608 574 607
607 606 640
640 606 639
640 672 673
639 672 640
640 608 607
641 608 640
674 706 707
673 706 674
641 640 674
674 640 673
911 912 878
878 912 879
878 910 911
877 910 878
841 874 842
842 874 875
876 910 877
909 910 876
875 908 876
876 908 909
876 842 875
843 842 876
877 878 844
844 878 845
843 876 844
844 876 877
708 674 707
675 674 708
707 740 708
708 740 741
741 740 774
774 740 773
773 806 774
774 806 807
841 842 808
808 842 809
807 840 808
808 840 841
808 774 807
775 774 808
742 708 741
709 708 742
742 774 775
741 774 742
843 844 810
810 844 811
809 842 810
810 842 843
776 742 775
743 742 776
775 808 776
776 808 809
809 810 776
776 810 777
315 314 348
348 314 347
347 346 380
380 346 379
380 348 347
381 348 380
509 542 510
510 542 543
510 476 509
477 476 510
412 380 379
413 380 412
379 378 412
412 378 411
444 476 477
443 476 444
411 410 444
444 410 443
444 412 411
445 412 444
477 510 478
478 510 511
445 444 478
478 444 477
414 380 413
381 380 414
445 478 446
446 478 479
446 412 445
413 412 446
446 414 413
447 414 446
744 776 777
743 776 744
710 742 743
709 742 710
743 744 710
710 744 711
709 710 676
676 710 677
676 708 709
675 708 676
642 674 675
641 674 642
642 608 641
609 608 642
675 676 642
642 676 643
511 510 544
544 510 543
576 608 609
575 608 576
543 542 576
576 542 575
576 544 543
577 544 576
610 642 643
609 642 610
577 576 610
610 576 609
677 710 678
678 710 711
644 610 643
611 610 644
643 676 644
644 676 677
677 678 644
644 678 645
447 446 480
480 446 479
511 544 512
512 544 545
479 478 512
512 478 511
512 480 479
513 480 512
612 644 645
611 644 612
578 610 611
577 610 578
545 544 578
578 544 577
611 612 578
578 612 579
513 512 546
546 512 545
546 578 579
545 578 546
188 154 187
155 154 188
156 122 155
123 122 156
155 188 156
156 188 189
123 156 124
124 156 157
124 90 123
91 90 124
92 58 91
59 58 92
92 60 59
93 60 92
91 124 92
92 124 125
94 60 93
61 60 94
94 62 61
95 62 94
126 92 125
93 92 126
126 94 93
127 94 126
157 156 190
190 156 189
158 126 125
159 126 158
125 124 158
158 124 157
157 190 158
158 190 191
128 94 127
95 94 128
96 62 95
63 62 96
96 64 63
97 64 96
95 128 96
96 128 129
98 64 97
65 64 98
98 66 65
99 66 98
98 132 99
131 132 98
130 96 129
97 96 130
131 98 130
130 98 97
131 130 164
164 130 163
164 132 131
165 132 164
164 198 165
197 198 164
192 158 191
159 158 192
160 128 127
161 128 160
160 126 159
127 126 160
159 192 160
160 192 193
197 164 196
196 164 163
163 130 162
162 130 129
162 128 161
129 128 162
162 196 163
195 196 162
194 160 193
161 160 194
195 162 194
194 162 161
195 194 228
228 194 227
228 196 195
229 196 228
230 196 229
197 196 230
230 198 197
231 198 230
230 264 231
263 264 230
229 228 262
262 228 261
263 230 262
262 230 229
263 262 296
296 262 295
296 264 263
297 264 296
296 330 297
329 330 296
513 546 514
514 546 547
514 480 513
481 480 514
448 480 481
447 480 448
448 414 447
415 414 448
481 514 482
482 514 515
482 448 481
449 448 482
416 448 449
415 448 416
382 414 415
381 414 382
382 348 381
349 348 382
415 416 382
382 416 383
316 348 349
315 348 316
316 282 315
283 282 316
284 250 283
251 250 284
283 316 284
284 316 317
350 382 383
349 382 350
317 316 350
350 316 349
222 190 189
223 190 222
189 188 222
222 188 221
251 284 252
252 284 285
252 218 251
219 218 252
221 188 220
220 188 187
220 186 219
187 186 220
219 252 220
220 252 253
254 222 221
255 222 254
254 220 253
221 220 254
317 350 318
318 350 351
285 284 318
318 284 317
286 254 253
287 254 286
253 252 286
286 252 285
285 318 286
286 318 319
450 416 449
417 416 450
449 482 450
450 482 483
319 318 352
352 318 351
351 350 384
384 350 383
384 416 417
383 416 384
384 352 351
385 352 384
417 450 418
418 450 451
385 384 418
418 384 417
329 296 328
328 296 295
295 262 294
294 262 261
294 328 295
327 328 294
260 294 261
293 294 260
261 228 260
260 228 227
227 194 226
226 194 193
193 192 226
226 192 225
226 260 227
259 260 226
256 222 255
223 222 256
225 192 224
224 192 191
224 190 223
191 190 224
223 256 224
224 256 257
259 226 258
258 226 225
258 224 257
225 224 258
326 294 293
327 294 326
259 258 292
292 258 291
292 260 259
293 260 292
292 326 293
325 326 292
385 418 386
386 418 419
386 352 385
353 352 386
320 352 353
319 352 320
320 286 319
287 286 320
288 256 255
289 256 288
288 254 287
255 254 288
287 320 288
288 320 321
353 386 354
354 386 387
321 320 354
354 320 353
325 292 324
324 292 291
291 258 290
290 258 257
290 256 289
257 256 290
290 324 291
323 324 290
321 354 322
322 354 355
322 288 321
289 288 322
323 290 322
322 290 289
913 946 914
914 946 947
947 980 948
948 980 981
948 914 947
915 914 948
982 948 981
949 948 982
981 1014 982
982 1014 1015
1015 1048 1016
1016 1048 1049
1049 1050 1016
1016 1050 1017
1016 982 1015
983 982 1016
1017 1050 1018
1018 1050 1051
1051 1052 1018
1018 1052 1019
983 1016 984
984 1016 1017
1017 1018 984
984 1018 985
916 948 949
915 948 916
983 984 950
950 984 951
950 982 983
949 982 950
950 916 949
917 916 950
985 1018 986
986 1018 1019
1019 1052 1020
1020 1052 1053
1053 1054 1020
1020 1054 1021
1020 986 1019
987 986 1020
1021 1054 1022
1022 1054 1055
1055 1056 1022
1022 1056 1023
1023 990 1022
1022 990 989
987 1020 988
988 1020 1021
988 1022 989
1021 1022 988
956 988 989
955 988 956
989 990 956
956 990 957
957 924 956
956 924 923
917 950 918
918 950 951
985 986 952
952 986 953
951 984 952
952 984 985
952 918 951
919 918 952
922 956 923
955 956 922
954 988 955
987 988 954
953 986 954
954 986 987
955 922 954
954 922 921
919 952 920
920 952 953
920 954 921
953 954 920
888 920 921
887 920 888
921 922 888
888 922 889
889 922 890
890 922 923
923 924 890
890 924 891
891 858 890
890 858 857
856 888 889
855 888 856
856 890 857
889 890 856
824 856 857
823 856 824
857 858 824
824 858 825
825 792 824
824 792 791
323 322 356
356 322 355
356 324 323
357 324 356
355 354 388
388 354 387
388 356 355
389 356 388
358 324 357
325 324 358
358 326 325
359 326 358
390 356 389
357 356 390
390 358 357
391 358 390
420 388 387
421 388 420
387 386 420
420 386 419
419 418 452
452 418 451
452 420 419
453 420 452
422 390 389
423 390 422
422 388 421
389 388 422
454 420 453
421 420 454
454 422 421
455 422 454
392 358 391
359 358 392
360 326 359
327 326 360
360 328 327
361 328 360
359 392 360
360 392 393
362 328 361
329 328 362
362 330 329
363 330 362
362 396 363
395 396 362
394 360 393
361 360 394
395 362 394
394 362 361
395 394 428
428 394 427
428 396 395
429 396 428
428 462 429
461 462 428
456 422 455
423 422 456
424 392 391
425 392 424
424 390 423
391 390 424
423 456 424
424 456 457
461 428 460
460 428 427
427 394 426
426 394 393
426 392 425
393 392 426
426 460 427
459 460 426
458 424 457
425 424 458
459 426 458
458 426 425
791 792 758
758 792 759
759 726 758
758 726 725
725 726 692
692 726 693
693 660 692
692 660 659
459 458 492
492 458 491
492 460 459
493 460 492
494 460 493
461 460 494
494 462 461
495 462 494
494 528 495
527 528 494
493 492 526
526 492 525
527 494 526
526 494 493
659 660 626
626 660 627
627 594 626
626 594 593
527 526 560
560 526 559
560 528 527
561 528 560
593 594 560
560 594 561
486 454 453
487 454 486
453 452 486
486 452 485
485 452 484
484 452 451
451 450 484
484 450 483
483 482 516
516 482 515
516 484 483
517 484 516
518 486 485
519 486 518
518 484 517
485 484 518
548 516 515
549 516 548
515 514 548
548 514 547
547 546 580
580 546 579
579 612 580
580 612 613
580 548 547
581 548 580
613 612 646
646 612 645
645 678 646
646 678 679
581 580 614
614 580 613
613 646 614
614 646 647
550 518 517
551 518 550
550 516 549
517 516 550
581 614 582
582 614 615
582 548 581
549 548 582
582 550 549
583 550 582
647 646 680
680 646 679
679 678 712
712 678 711
711 744 712
712 744 745
712 680 679
713 680 712
745 744 778
778 744 777
777 810 778
778 810 811
811 844 812
812 844 845
812 778 811
779 778 812
713 712 746
746 712 745
746 778 779
745 778 746
915 916 882
882 916 883
882 914 915
881 914 882
846 812 845
813 812 846
845 878 846
846 878 879
880 914 881
913 914 880
879 912 880
880 912 913
880 846 879
847 846 880
881 882 848
848 882 849
847 880 848
848 880 881
780 746 779
747 746 780
780 812 813
779 812 780
847 848 814
814 848 815
814 846 847
813 846 814
814 780 813
781 780 814
583 582 616
616 582 615
647 680 648
648 680 681
615 614 648
648 614 647
648 616 615
649 616 648
748 780 781
747 780 748
714 746 747
713 746 714
681 680 714
714 680 713
747 748 714
714 748 715
649 648 682
682 648 681
682 714 715
681 714 682
593 560 592
592 560 559
592 626 593
625 626 592
559 526 558
558 526 525
558 592 559
591 592 558
658 626 625
659 626 658
658 692 659
691 692 658
624 592 591
625 592 624
624 658 625
657 658 624
524 558 525
557 558 524
525 492 524
524 492 491
491 458 490
490 458 457
457 456 490
490 456 489
490 524 491
523 524 490
520 486 519
487 486 520
489 456 488
488 456 455
488 454 487
455 454 488
487 520 488
488 520 521
523 490 522
522 490 489
522 488 521
489 488 522
590 624 591
623 624 590
590 558 557
591 558 590
523 522 556
556 522 555
556 524 523
557 524 556
556 590 557
589 590 556
649 682 650
650 682 683
650 616 649
617 616 650
584 616 617
583 616 584
584 550 583
551 550 584
552 520 519
553 520 552
552 518 551
519 518 552
551 584 552
552 584 585
617 650 618
618 650 651
585 584 618
618 584 617
589 556 588
588 556 555
555 522 554
554 522 521
554 520 553
521 520 554
554 588 555
587 588 554
585 618 586
586 618 619
586 552 585
553 552 586
587 554 586
586 554 553
690 658 657
691 658 690
724 692 691
725 692 724
724 758 725
757 758 724
691 690 724
724 690 723
790 758 757
791 758 790
790 824 791
823 824 790
822 856 823
855 856 822
823 790 822
822 790 789
756 724 723
757 724 756
789 790 756
756 790 757
855 822 854
854 822 821
854 888 855
887 888 854
886 920 887
919 920 886
886 918 919
885 918 886
887 854 886
886 854 853
849 882 850
850 882 883
884 918 885
917 918 884
883 916 884
884 916 917
884 850 883
851 850 884
852 886 853
885 886 852
851 884 852
852 884 885
789 756 788
788 756 755
821 822 788
788 822 789
820 852 853
819 852 820
853 854 820
820 854 821
821 788 820
820 788 787
587 586 620
620 586 619
620 588 587
621 588 620
619 618 652
652 618 651
652 620 619
653 620 652
622 588 621
589 588 622
622 590 589
623 590 622
656 690 657
689 690 656
656 624 623
657 624 656
623 622 656
656 622 655
654 620 653
621 620 654
655 622 654
654 622 621
787 788 754
754 788 755
755 756 722
722 756 723
722 690 689
723 690 722
722 754 755
721 754 722
655 654 688
688 654 687
688 656 655
689 656 688
721 722 688
688 722 689
684 652 651
685 652 684
651 650 684
684 650 683
683 682 716
716 682 715
715 748 716
716 748 749
716 684 683
717 684 716
749 748 782
782 748 781
781 814 782
782 814 815
849 850 816
816 850 817
815 848 816
816 848 849
816 782 815
783 782 816
717 716 750
750 716 749
750 782 783
749 782 750
721 688 720
720 688 687
720 754 721
753 754 720
687 654 686
686 654 653
686 652 685
653 652 686
686 720 687
719 720 686
717 750 718
718 750 751
718 684 717
685 684 718
719 686 718
718 686 685
786 754 753
787 754 786
786 820 787
819 820 786
818 852 819
851 852 818
817 850 818
818 850 851
819 786 818
818 786 785
719 718 752
752 718 751
752 720 719
753 720 752
785 786 752
752 786 753
751 750 784
784 750 783
783 816 784
784 816 817
785 752 784
784 752 751
784 818 785
817 818 784
