289 2
0.000000 0.000000
0.000000 0.062500
0.000000 0.125000
0.000000 0.187500
0.000000 0.250000
0.000000 0.312500
0.000000 0.375000
0.000000 0.437500
0.000000 0.500000
0.000000 0.562500
0.000000 0.625000
0.000000 0.687500
0.000000 0.750000
0.000000 0.812500
0.000000 0.875000
0.000000 0.937500
0.000000 1.000000
0.062500 0.000000
0.062500 0.062500
0.062500 0.125000
0.062500 0.187500
0.062500 0.250000
0.062500 0.312500
0.062500 0.375000
0.062500 0.437500
0.062500 0.500000
0.062500 0.562500
0.062500 0.625000
0.062500 0.687500
0.062500 0.750000
0.062500 0.812500
0.062500 0.875000
0.062500 0.937500
0.062500 1.000000
0.125000 0.000000
0.125000 0.062500
0.125000 0.125000
0.125000 0.187500
0.125000 0.250000
0.125000 0.312500
0.125000 0.375000
0.125000 0.437500
0.125000 0.500000
0.125000 0.562500
0.125000 0.625000
0.125000 0.687500
0.125000 0.750000
0.125000 0.812500
0.125000 0.875000
0.125000 0.937500
0.125000 1.000000
0.187500 0.000000
0.187500 0.062500
0.187500 0.125000
0.187500 0.187500
0.187500 0.250000
0.187500 0.312500
0.187500 0.375000
0.187500 0.437500
0.187500 0.500000
0.187500 0.562500
0.187500 0.625000
0.187500 0.687500
0.187500 0.750000
0.187500 0.812500
0.187500 0.875000
0.187500 0.937500
0.187500 1.000000
0.250000 0.000000
0.250000 0.062500
0.250000 0.125000
0.250000 0.187500
0.250000 0.250000
0.250000 0.312500
0.250000 0.375000
0.250000 0.437500
0.250000 0.500000
0.250000 0.562500
0.250000 0.625000
0.250000 0.687500
0.250000 0.750000
0.250000 0.812500
0.250000 0.875000
0.250000 0.937500
0.250000 1.000000
0.312500 0.000000
0.312500 0.062500
0.312500 0.125000
0.312500 0.187500
0.312500 0.250000
0.312500 0.312500
0.312500 0.375000
0.312500 0.437500
0.312500 0.500000
0.312500 0.562500
0.312500 0.625000
0.312500 0.687500
0.312500 0.750000
0.312500 0.812500
0.312500 0.875000
0.312500 0.937500
0.312500 1.000000
0.375000 0.000000
0.375000 0.062500
0.375000 0.125000
0.375000 0.187500
0.375000 0.250000
0.375000 0.312500
0.375000 0.375000
0.375000 0.437500
0.375000 0.500000
0.375000 0.562500
0.375000 0.625000
0.375000 0.687500
0.375000 0.750000
0.375000 0.812500
0.375000 0.875000
0.375000 0.937500
0.375000 1.000000
0.437500 0.000000
0.437500 0.062500
0.437500 0.125000
0.437500 0.187500
0.437500 0.250000
0.437500 0.312500
0.437500 0.375000
0.437500 0.437500
0.437500 0.500000
0.437500 0.562500
0.437500 0.625000
0.437500 0.687500
0.437500 0.750000
0.437500 0.812500
0.437500 0.875000
0.437500 0.937500
0.437500 1.000000
0.500000 0.000000
0.500000 0.062500
0.500000 0.125000
0.500000 0.187500
0.500000 0.250000
0.500000 0.312500
0.500000 0.375000
0.500000 0.437500
0.500000 0.500000
0.500000 0.562500
0.500000 0.625000
0.500000 0.687500
0.500000 0.750000
0.500000 0.812500
0.500000 0.875000
0.500000 0.937500
0.500000 1.000000
0.562500 0.000000
0.562500 0.062500
0.562500 0.125000
0.562500 0.187500
0.562500 0.250000
0.562500 0.312500
0.562500 0.375000
0.562500 0.437500
0.562500 0.500000
0.562500 0.562500
0.562500 0.625000
0.562500 0.687500
0.562500 0.750000
0.562500 0.812500
0.562500 0.875000
0.562500 0.937500
0.562500 1.000000
0.625000 0.000000
0.625000 0.062500
0.625000 0.125000
0.625000 0.187500
0.625000 0.250000
0.625000 0.312500
0.625000 0.375000
0.625000 0.437500
0.625000 0.500000
0.625000 0.562500
0.625000 0.625000
0.625000 0.687500
0.625000 0.750000
0.625000 0.812500
0.625000 0.875000
0.625000 0.937500
0.625000 1.000000
0.687500 0.000000
0.687500 0.062500
0.687500 0.125000
0.687500 0.187500
0.687500 0.250000
0.687500 0.312500
0.687500 0.375000
0.687500 0.437500
0.687500 0.500000
0.687500 0.562500
0.687500 0.625000
0.687500 0.687500
0.687500 0.750000
0.687500 0.812500
0.687500 0.875000
0.687500 0.937500
0.687500 1.000000
0.750000 0.000000
0.750000 0.062500
0.750000 0.125000
0.750000 0.187500
0.750000 0.250000
0.750000 0.312500
0.750000 0.375000
0.750000 0.437500
0.750000 0.500000
0.750000 0.562500
0.750000 0.625000
0.750000 0.687500
0.750000 0.750000
0.750000 0.812500
0.750000 0.875000
0.750000 0.937500
0.750000 1.000000
0.812500 0.000000
0.812500 0.062500
0.812500 0.125000
0.812500 0.187500
0.812500 0.250000
0.812500 0.312500
0.812500 0.375000
0.812500 0.437500
0.812500 0.500000
0.812500 0.562500
0.812500 0.625000
0.812500 0.687500
0.812500 0.750000
0.812500 0.812500
0.812500 0.875000
0.812500 0.937500
0.812500 1.000000
0.875000 0.000000
0.875000 0.062500
0.875000 0.125000
0.875000 0.187500
0.875000 0.250000
0.875000 0.312500
0.875000 0.375000
0.875000 0.437500
0.875000 0.500000
0.875000 0.562500
0.875000 0.625000
0.875000 0.687500
0.875000 0.750000
0.875000 0.812500
0.875000 0.875000
0.875000 0.937500
0.875000 1.000000
0.937500 0.000000
0.937500 0.062500
0.937500 0.125000
0.937500 0.187500
0.937500 0.250000
0.937500 0.312500
0.937500 0.375000
0.937500 0.437500
0.937500 0.500000
0.937500 0.562500
0.937500 0.625000
0.937500 0.687500
0.937500 0.750000
0.937500 0.812500
0.937500 0.875000
0.937500 0.937500
0.937500 1.000000
1.000000 0.000000
1.000000 0.062500
1.000000 0.125000
1.000000 0.187500
1.000000 0.250000
1.000000 0.312500
1.000000 0.375000
1.000000 0.437500
1.000000 0.500000
1.000000 0.562500
1.000000 0.625000
1.000000 0.687500
1.000000 0.750000
1.000000 0.812500
1.000000 0.875000
1.000000 0.937500
1.000000 1.000000
512 3
1 18 2
2 18 19
274 256 273
257 256 274
19 18 36
36 18 35
35 52 36
36 52 53
53 52 70
70 52 69
69 86 70
70 86 87
240 256 257
239 256 240
240 222 239
223 222 240
206 222 223
205 222 206
206 188 205
189 188 206
87 86 104
104 86 103
103 120 104
104 120 121
172 188 189
171 188 172
172 154 171
155 154 172
121 120 138
138 120 137
138 154 155
137 154 138
17 16 34
34 16 33
121 138 122
122 138 139
122 104 121
105 104 122
88 104 105
87 104 88
88 70 87
71 70 88
105 122 106
106 122 123
106 88 105
89 88 106
72 88 89
71 88 72
54 70 71
53 70 54
54 36 53
37 36 54
71 72 54
54 72 55
20 36 37
19 36 20
20 2 19
3 2 20
20 4 3
21 4 20
38 54 55
37 54 38
21 20 38
38 20 37
21 38 22
22 38 39
22 4 21
5 4 22
22 6 5
23 6 22
90 72 89
73 72 90
89 106 90
90 106 107
23 22 40
40 22 39
39 38 56
56 38 55
56 72 73
55 72 56
56 40 39
57 40 56
73 90 74
74 90 91
57 56 74
74 56 73
33 16 32
32 16 15
15 14 32
32 14 31
31 14 30
30 14 13
13 12 30
30 12 29
57 74 58
58 74 75
58 40 57
41 40 58
24 40 41
23 40 24
24 6 23
7 6 24
24 8 7
25 8 24
41 58 42
42 58 59
25 24 42
42 24 41
29 12 28
28 12 11
11 10 28
28 10 27
25 42 26
26 42 43
26 8 25
9 8 26
27 10 26
26 10 9
272 288 289
271 288 272
91 90 108
108 90 107
107 106 124
124 106 123
124 108 107
125 108 124
140 124 123
141 124 140
123 122 140
140 122 139
139 138 156
156 138 155
155 172 156
156 172 173
156 140 139
157 140 156
173 172 190
190 172 189
189 206 190
190 206 207
157 156 174
174 156 173
173 190 174
174 190 191
142 124 141
125 124 142
157 174 158
158 174 175
158 140 157
141 140 158
158 142 141
159 142 158
191 190 208
208 190 207
207 206 224
224 206 223
223 240 224
224 240 241
224 208 207
225 208 224
241 240 258
258 240 257
257 274 258
258 274 275
275 276 258
258 276 259
225 224 242
242 224 241
242 258 259
241 258 242
260 242 259
243 242 260
259 276 260
260 276 277
277 278 260
260 278 261
159 158 176
176 158 175
191 208 192
192 208 209
175 174 192
192 174 191
192 176 175
193 176 192
244 260 261
243 260 244
226 242 243
225 242 226
209 208 226
226 208 225
243 244 226
226 244 227
193 192 210
210 192 209
210 226 227
209 226 210
270 288 271
287 288 270
270 286 287
269 286 270
268 286 269
285 286 268
268 284 285
267 284 268
228 210 227
211 210 228
227 244 228
228 244 245
245 244 262
262 244 261
261 278 262
262 278 279
279 280 262
262 280 263
246 228 245
229 228 246
246 262 263
245 262 246
266 284 267
283 284 266
266 282 283
265 282 266
264 246 263
247 246 264
263 280 264
264 280 281
264 282 265
281 282 264
27 26 44
44 26 43
44 28 27
45 28 44
43 42 60
60 42 59
60 44 43
61 44 60
46 28 45
29 28 46
46 30 29
47 30 46
62 44 61
45 44 62
62 46 45
63 46 62
125 142 126
126 142 143
126 108 125
109 108 126
76 60 59
77 60 76
59 58 76
76 58 75
92 108 109
91 108 92
75 74 92
92 74 91
92 76 75
93 76 92
109 126 110
110 126 127
93 92 110
110 92 109
78 62 61
79 62 78
78 60 77
61 60 78
93 110 94
94 110 111
94 76 93
77 76 94
94 78 77
95 78 94
248 264 265
247 264 248
265 266 248
248 266 249
230 246 247
229 246 230
247 248 230
230 248 231
249 266 250
250 266 267
267 268 250
250 268 251
231 248 232
232 248 249
249 250 232
232 250 233
229 230 212
212 230 213
212 228 229
211 228 212
194 210 211
193 210 194
194 176 193
177 176 194
211 212 194
194 212 195
127 126 144
144 126 143
160 176 177
159 176 160
143 142 160
160 142 159
160 144 143
161 144 160
178 194 195
177 194 178
161 160 178
178 160 177
231 232 214
214 232 215
213 230 214
214 230 231
196 178 195
179 178 196
195 212 196
196 212 213
213 214 196
196 214 197
95 94 112
112 94 111
127 144 128
128 144 145
111 110 128
128 110 127
128 112 111
129 112 128
180 196 197
179 196 180
162 178 179
161 178 162
145 144 162
162 144 161
179 180 162
162 180 163
129 128 146
146 128 145
146 162 163
145 162 146
64 46 63
47 46 64
48 30 47
31 30 48
48 32 31
49 32 48
47 64 48
48 64 65
50 32 49
33 32 50
50 34 33
51 34 50
50 68 51
67 68 50
66 48 65
49 48 66
67 50 66
66 50 49
67 66 84
84 66 83
84 68 67
85 68 84
84 102 85
101 102 84
129 146 130
130 146 147
130 112 129
113 112 130
96 112 113
95 112 96
96 78 95
79 78 96
80 64 63
81 64 80
80 62 79
63 62 80
79 96 80
80 96 97
113 130 114
114 130 131
97 96 114
114 96 113
101 84 100
100 84 83
83 66 82
82 66 65
82 64 81
65 64 82
82 100 83
99 100 82
97 114 98
98 114 115
98 80 97
81 80 98
99 82 98
98 82 81
233 250 234
234 250 251
251 268 252
252 268 269
269 270 252
252 270 253
252 234 251
235 234 252
253 270 254
254 270 271
271 272 254
254 272 255
255 238 254
254 238 237
235 252 236
236 252 253
236 254 237
253 254 236
220 236 237
219 236 220
237 238 220
220 238 221
221 204 220
220 204 203
99 98 116
116 98 115
116 100 99
117 100 116
115 114 132
132 114 131
132 116 115
133 116 132
118 100 117
101 100 118
118 102 101
119 102 118
118 136 119
135 136 118
134 116 133
117 116 134
135 118 134
134 118 117
203 204 186
186 204 187
187 170 186
186 170 169
135 134 152
152 134 151
152 136 135
153 136 152
169 170 152
152 170 153
148 132 131
149 132 148
131 130 148
148 130 147
147 146 164
164 146 163
163 180 164
164 180 181
164 148 147
165 148 164
181 180 198
198 180 197
197 214 198
198 214 215
233 234 216
216 234 217
215 232 216
216 232 233
216 198 215
199 198 216
165 164 182
182 164 181
182 198 199
181 198 182
169 152 168
168 152 151
168 186 169
185 186 168
151 134 150
150 134 133
150 132 149
133 132 150
150 168 151
167 168 150
165 182 166
166 182 183
166 148 165
149 148 166
167 150 166
166 150 149
202 186 185
203 186 202
202 220 203
219 220 202
218 236 219
235 236 218
217 234 218
218 234 235
219 202 218
218 202 201
167 166 184
184 166 183
184 168 167
185 168 184
201 202 184
184 202 185
183 182 200
200 182 199
199 216 200
200 216 217
201 184 200
200 184 183
200 218 201
217 218 200
