81 2
0.000000 0.000000
0.000000 0.125000
0.000000 0.250000
0.000000 0.375000
0.000000 0.500000
0.000000 0.625000
0.000000 0.750000
0.000000 0.875000
0.000000 1.000000
0.125000 0.000000
0.125000 0.125000
0.125000 0.250000
0.125000 0.375000
0.125000 0.500000
0.125000 0.625000
0.125000 0.750000
0.125000 0.875000
0.125000 1.000000
0.250000 0.000000
0.250000 0.125000
0.250000 0.250000
0.250000 0.375000
0.250000 0.500000
0.250000 0.625000
0.250000 0.750000
0.250000 0.875000
0.250000 1.000000
0.375000 0.000000
0.375000 0.125000
0.375000 0.250000
0.375000 0.375000
0.375000 0.500000
0.375000 0.625000
0.375000 0.750000
0.375000 0.875000
0.375000 1.000000
0.500000 0.000000
0.500000 0.125000
0.500000 0.250000
0.500000 0.375000
0.500000 0.500000
0.500000 0.625000
0.500000 0.750000
0.500000 0.875000
0.500000 1.000000
0.625000 0.000000
0.625000 0.125000
0.625000 0.250000
0.625000 0.375000
0.625000 0.500000
0.625000 0.625000
0.625000 0.750000
0.625000 0.875000
0.625000 1.000000
0.750000 0.000000
0.750000 0.125000
0.750000 0.250000
0.750000 0.375000
0.750000 0.500000
0.750000 0.625000
0.750000 0.750000
0.750000 0.875000
0.750000 1.000000
0.875000 0.000000
0.875000 0.125000
0.875000 0.250000
0.875000 0.375000
0.875000 0.500000
0.875000 0.625000
0.875000 0.750000
0.875000 0.875000
0.875000 1.000000
1.000000 0.000000
1.000000 0.125000
1.000000 0.250000
1.000000 0.375000
1.000000 0.500000
1.000000 0.625000
1.000000 0.750000
1.000000 0.875000
1.000000 1.000000
128 3
1 10 2
2 10 11
74 64 73
65 64 74
11 10 20
20 10 19
19 28 20
20 28 29
56 64 65
55 64 56
56 46 55
47 46 56
29 28 38
38 28 37
38 46 47
37 46 38
9 8 18
18 8 17
29 38 30
30 38 39
30 20 29
21 20 30
12 20 21
11 20 12
12 2 11
3 2 12
12 4 3
13 4 12
21 30 22
22 30 31
13 12 22
22 12 21
17 8 16
16 8 7
7 6 16
16 6 15
13 22 14
14 22 23
14 4 13
5 4 14
15 6 14
14 6 5
72 80 81
71 80 72
31 30 40
40 30 39
39 38 48
48 38 47
47 56 48
48 56 57
48 40 39
49 40 48
57 56 66
66 56 65
65 74 66
66 74 75
75 76 66
66 76 67
49 48 58
58 48 57
58 66 67
57 66 58
70 80 71
79 80 70
70 78 79
69 78 70
68 58 67
59 58 68
67 76 68
68 76 77
68 78 69
77 78 68
15 14 24
24 14 23
24 16 15
25 16 24
31 40 32
32 40 41
23 22 32
32 22 31
32 24 23
33 24 32
60 68 69
59 68 60
69 70 60
60 70 61
50 58 59
49 58 50
41 40 50
50 40 49
59 60 50
50 60 51
33 32 42
42 32 41
42 50 51
41 50 42
26 16 25
17 16 26
26 18 17
27 18 26
26 36 27
35 36 26
33 42 34
34 42 43
34 24 33
25 24 34
35 26 34
34 26 25
61 70 62
62 70 71
71 72 62
62 72 63
63 54 62
62 54 53
35 34 44
44 34 43
44 36 35
45 36 44
53 54 44
44 54 45
43 42 52
52 42 51
51 60 52
52 60 61
53 44 52
52 44 43
52 62 53
61 62 52
